1.761224332062603253e+02 -1.044293432540944486e+05 2.279850133770386367e-01 2.384980100709867656e+03 1.238931475662526225e+02 2.040668153609249469e+00 8.324660770752911887e-02 1.783826746022345866e-01 -2.841006373275052881e-03 -1.134313373573516470e+00 1.743307532470491084e-01 4.714117595406502881e-01 2.970428265517532918e-02 5.832970530662126910e-03 1.942453316634525640e-01 1.428023277699336235e-03 -1.615652448239676131e-01 -6.949676222874519305e-02 4.901487781320212206e-02 5.958310514139496250e-02 2.258878983179904709e-01 6.582144426565995909e-02 -4.672648366350731081e-02 -9.862788148426280752e-03 -1.635998066353338831e-01 7.167065185808225991e-02 3.158419612546444211e-01 1.556245483989535383e-01 9.139997806749452364e-03 4.455416638580915467e-02 -5.473155890202211493e-01 7.511504704028434398e-01 -5.367063443276988075e-03 1.444154605215934639e+00 4.023237674409504971e-02 -2.954995050405721635e+00 6.223521942233212895e-02 6.625894420637443716e-01 -7.975212270226804401e-02 -1.851216369484337803e-03 7.493047833057206453e-02 2.202558021470283900e-01 1.032310889604159121e-01 -2.182161245700258434e-01 -5.637130006475114460e-03 -2.186161045807064329e-01 2.275759171243474724e-02 3.920234563117957344e-02 -4.383616424217477020e-03 -1.610629714821807112e-01 -5.900265172771559929e-02 9.674030579122323836e-02 1.914043252902103975e-01 1.502816655002004564e+00 1.889364570199816296e-01 -1.170771725517426864e-01 -1.869574816509146142e+00 3.218260112499979897e-01 -2.692713421112333944e-02 -6.401552230834883783e-03 -3.349370744713909415e-02 1.174252041266414873e-02 -3.380499739755957189e-02 6.195773666287038295e-02 -1.295520342380913643e-03 1.387280726682063939e-02 8.771183432882802625e-03 4.392095758496426632e-03 1.930772288132548420e-02 3.395212624383176989e-03 -2.569831026978347793e-03 -1.148889875178597461e-02 4.339269398070658666e-03 -1.096500002013267409e-03 3.014190441747762860e-04 5.706386948862301155e-03 -1.001670464101693178e-02 1.107217270354904229e-03 -1.655396128225661864e-04 -1.284915513489159368e-03 -3.708155616481926143e-03 3.847667645567299632e-03 -5.476925126583436984e-03 -2.191515935790034220e-03 -2.039929244998573733e-03 1.552967322786096005e-02 -3.767006550240525713e-03 -2.489559791958789042e-03 -1.581673085454439551e-03 -7.281800850016136029e-02 -2.203193653452519083e-03 1.352584136105832108e-03 -1.841833799371262511e-03 2.291568326068643344e-03 6.972827602427246127e-03 3.895215110570207986e-03 9.182034413694969283e-03 9.404198441731101681e-05 4.218357663703387874e-04 -1.011846295467792173e-02 -1.825619908393702820e-03 2.006412962872924574e-03 3.460339001061384090e-02 -6.648205448738674604e-03 -1.355065584221686135e-04 3.372940253267934455e-03
-1.044293432540944486e+05 1.110071201281213379e+10 1.356706305592884064e+03 3.137506973325651139e+06 -3.675473440549919032e+05 -2.202569116445100371e+04 -8.167848077949295771e+01 -5.141760164917457132e+01 -6.970567438394951187e-01 2.055477035326521218e+03 -4.425423921425772278e+02 -1.102409263738031541e+03 -3.050995716657234311e+02 -1.293563025024270630e+01 -5.869703835745772835e+01 2.261761880451446984e+02 2.022191556910782992e+02 1.379088938369571906e+02 2.455349684936601875e+02 4.153536516462851296e+02 -3.111099126915590318e+01 1.971236617657052363e+02 9.835123511905101168e+01 -3.349169810592815111e+02 -3.982097790852955654e+02 -3.281918724078687433e+01 -1.977096440045517056e+01 -4.480717412249844642e+02 6.664892405802481790e+01 -2.871059398711631161e+01 -2.957064403888287529e+02 -5.568045047511109260e+02 7.590883441782866115e+00 -1.123513611095717124e+03 3.375668274336350549e+01 1.679492628337798124e+03 4.426413776951548584e+02 -4.831634563712655677e+02 3.417027926323274869e+02 7.741207692538770502e+00 2.684134671424252474e+02 -6.072765104158613667e+02 -5.950444132691632149e+02 5.992269107175453655e+02 3.014563912666916394e+02 -1.870429083210559327e+02 5.418212056650288133e+01 -5.733955262287310006e+02 1.982458380727791791e+02 1.529238125504459163e+02 9.448577887056706004e+01 3.775133824287181028e+00 -5.939409510129767966e+01 -8.284913565290951283e+02 2.196757077602444497e+02 3.979647370617406068e+02 5.591670249125636474e+02 1.273407289586389091e+01 -3.610501861013157168e+02 -6.486860552646608085e+02 -9.379898734358066577e+02 3.495479125890475188e+03 4.758060936319449041e+01 -1.956383806553192471e+03 -3.350450917986967703e+00 -4.718142195524626459e+01 -2.745294444423089075e+01 2.817022513947058826e+01 1.633011742611808472e+02 1.218217123510144440e+00 -3.668388925250820609e-01 2.160160482424547865e+02 -2.660605696550658905e+01 3.431659774297861620e+00 -5.639067282681100579e-01 -4.148266032270133508e+01 1.461535416871543021e+02 2.719980266140458980e+01 -5.542502971357957442e+00 2.498105760543506193e+01 2.218641653974094297e+01 -2.572413214880945542e+00 -5.315549793217643071e+01 -1.052119057648404343e+01 -4.084134789506305196e+01 -2.696947652540270468e+01 4.652339913845271013e+01 -2.903889579128331278e+01 7.399833928819463225e+00 1.932298716768403892e+03 9.930989723174650408e+01 3.247004083532634144e+00 8.805708926004670900e+01 -1.408779615380157679e+02 -8.922551041645863990e+00 -4.005963773609424550e+01 4.825855873711362420e+01 -6.429707192018054407e+00 -6.179730424989492832e+01 -3.752897748050350923e+00 -2.754301898662442571e+00 1.588490304413616450e+01 -2.309927900869191490e+03 -5.066987487085958008e+01 1.515112426344739482e+01 5.204907278719011288e+01
2.279850133770386367e-01 1.356706305592884064e+03 2.110564179170976162e-01 -5.298686695351600306e+00 2.406871019814827317e+00 1.053661508693336080e+00 -1.058536056034769385e-03 -5.922673214794922994e-03 -2.180531973039542425e-06 -3.406613822391086396e-03 4.624626339799501641e-03 1.268646467524972392e-02 -1.943101049554298845e-03 1.155390799483000803e-06 -4.979141731101783576e-03 1.839180107526434743e-03 5.176993551605658245e-04 2.938697722839967775e-04 5.106557184328217470e-04 1.344648159203528552e-03 2.368139616896405061e-03 1.448455181048563046e-03 -2.536562269015267546e-03 -1.473871749298243539e-03 -2.513701118454075671e-03 1.165816334013723005e-04 9.058384295168246669e-03 -3.168862650917424716e-03 1.300841322941435863e-04 9.421073340737640654e-04 -8.876807517806556760e-03 -3.277890833751030686e-02 -2.468050506460266582e-04 7.875128772904041452e-02 -1.552939787336580840e-03 -2.224845076844715261e-02 -7.683627025378147665e-03 -1.424055675972145732e-02 -3.695417701034746372e-02 9.763983011456834346e-05 3.512063373513224507e-02 -1.541646222440589201e-03 9.127139638860489942e-03 1.057333352950665627e-02 4.834004188091304069e-03 -1.687916883686657946e-02 -2.453432408173848202e-03 -1.092424039375066575e-02 3.848667585530566367e-03 -2.411912949260764175e-03 -1.683443849119530510e-03 1.422792542580218235e-02 -4.981322263073697208e-03 1.141468513008873364e-01 -2.630773826266812401e-02 -1.691669089694936186e-03 -9.154771578882068064e-03 -4.205446143293505024e-02 -3.493821093672946909e-02 -8.415107814795319769e-05 -9.553910353305111822e-05 -1.336835011079373463e-02 -2.292579578536579530e-04 1.377729825032683424e-02 8.706412782336906862e-05 -4.496536319373283387e-06 9.172842603551644922e-05 -2.472728146295098112e-05 -2.985709063167427471e-04 -2.415285500085499032e-04 2.799623476756527268e-05 1.064684843247272125e-04 -1.396826511732558284e-04 -1.312200002414378721e-04 -5.636053998121936691e-04 1.245239202426340482e-04 1.752841575920389440e-04 -1.157822694984217854e-04 -2.091042818268873572e-05 -5.424962190985299052e-05 1.111940181116544386e-05 -4.140689532554839687e-05 5.623088027464997769e-04 1.110262562188489707e-04 5.882742780189816555e-05 5.101920316370636525e-05 -3.654655245711851399e-04 6.599921556101626466e-05 -6.449785548127615325e-05 2.929842973402926182e-03 5.993957244138198542e-05 -5.939536177560010132e-05 -8.939863273020296245e-05 -3.956912713651023080e-04 5.788877894845551389e-05 6.253406545428499873e-05 -3.469760936154683297e-04 -7.283025678732540093e-06 -8.881168705021335306e-05 -2.575344492816182746e-05 -1.459590362390136105e-04 -1.195321533107640338e-04 -2.107727459089958535e-03 7.550704166450399404e-05 5.549150502938499856e-05 7.381024910559773767e-04
2.384980100709867656e+03 3.137506973325651139e+06 -5.298686695351600306e+00 5.245921944766969979e+07 -1.988878646228841390e+05 2.474356998227015083e+03 -2.437246317489331915e+01 -2.376077276086379442e+01 -2.588571871771858796e-02 -6.717446205546809779e+01 8.390601701618751918e+01 4.896865766305993617e+01 -2.058223880090178781e+01 1.657631610217321916e-01 2.875384670567825651e+00 6.161637099895763692e-01 -5.085697464115229494e+00 -2.099414911154418029e+00 -6.950644065793019077e-01 -1.587830154656073578e+00 -3.157344120485517269e+00 2.451760075201624978e-01 -1.436343464846964579e+01 -2.074564117314316647e+01 -9.007861232750553171e+00 2.493987711156227505e+01 -5.863684642546240156e+01 1.020635208373193770e+01 1.325338847272646836e+00 1.402854885330161210e+02 -6.223926175626134238e+01 1.677750570488194626e+01 -1.101145462133263919e+00 -4.436484119346216914e+01 3.262844447758491473e+00 1.755861061297915882e+01 4.258948993657952542e+00 3.608076896322578886e+00 -1.689074775402336215e+01 -1.746163569857550890e-01 -4.459478224113010469e+01 1.845703059017290926e+01 1.240204392831509850e-01 -6.348390703384341194e+00 -1.751795555376762437e+01 -1.121545702397699884e+01 6.166692228353130023e-01 1.172752506413760756e+02 -1.303332149785039462e+01 1.093786840002631955e+01 -1.876224145961403877e+01 -2.172282565480207595e+01 2.849498951849850137e+00 -3.027665450153077487e+01 4.713396488959340758e+01 -9.247555370627345006e-01 -6.177903940388895343e+00 4.966781727420145565e+00 -1.472143263803762281e+01 3.615942164262009317e-02 5.794521470842180833e+00 -8.161245603123492565e-01 4.013894058888829441e+00 -9.028450391062859737e+00 -2.259787792756099145e-01 9.583776426470598242e-01 -1.806525676378103018e+00 -1.668087900389544909e-01 -2.643800467684976230e+00 2.933256237469137329e+00 -2.068245781324803689e-01 3.036059219769027262e-01 -1.508767716241367296e+00 -9.045481646550418420e-01 -1.971522618047058639e+00 -3.256112508411841966e-01 -2.009371756887519123e-01 -7.139968591737292369e-01 -5.177143743540677315e-03 -1.953249319599235645e-01 -9.027381170953686640e-01 -5.449025624083850272e-03 6.743045673646224536e+00 -1.410466992423876187e+00 -5.193477683489127195e-01 -2.010005771194439461e+00 -4.018094601688321221e-01 1.925060466332060960e+00 -2.559624937839780623e-01 -2.611735629594092334e+00 -1.846980122570874849e-01 -5.694858117896572230e-02 -2.260327140203391705e-01 -4.466972786225353431e+00 -1.129664604736311695e+00 -4.152958731707606654e-01 -7.852265315417792380e-01 -3.233469952538429171e-01 2.246680543948745612e+00 8.188654182748015264e-01 -3.492327139715099005e-01 -3.595870014585472174e-01 2.829008426005887422e+00 5.181663795379125581e-01 -5.540609715826256831e-01 8.568339485649641318e+00
1.238931475662526225e+02 -3.675473440549919032e+05 2.406871019814827317e+00 -1.988878646228841390e+05 1.600627267974914866e+05 9.836662372454124181e+01 2.540563254991292652e-01 1.105883615092021932e+00 -9.065167098127362849e-03 -3.363280612009795334e+00 6.722644781847121331e-01 1.888481327360300721e+00 -8.560495486396327292e-02 -2.356943445512188831e-02 -4.391655777088461221e-01 -4.048520673910501189e-01 -2.517712470791254598e-01 -4.475627096717309517e-01 -1.055323558623250460e-02 9.081116301469406571e-02 1.154398230485324806e-01 -4.440115154767788064e-01 2.441984383437809103e-01 -9.931038610349499640e-01 1.252202480108628002e+00 1.536358906460347118e+00 -1.856986241020100570e+00 1.697778295025227369e+00 3.231450466959977924e-02 1.389963385056343759e+00 -1.950226118466821035e+00 -2.694991494520019848e-01 -8.750387661829960029e-02 2.605523514073163849e+00 -1.202689690083603158e-01 -2.366440769701539271e+00 -9.360308268359630868e-02 3.317923333895868021e-01 -1.413529723775285962e+00 4.494445718592972316e-02 4.863019746888757044e-01 2.265483378625941846e+00 -3.045963382762196803e-01 -5.563777596391423774e-01 -5.307123077040566406e-01 -2.138136217296522368e+00 -1.859709228576918172e-01 2.674033381822011002e+00 -5.014093498274407867e-01 4.607549944820122367e-01 1.702222897844535288e-01 -2.277711240572255491e-02 -4.482307448073735712e-01 2.797961995301561977e+00 1.987305520781070811e+00 -2.024644933069240094e-01 -2.259529943453046918e+00 -2.315953599368693716e+00 -7.319479953897700675e-03 -3.197653922603118648e-01 3.287080973585660981e-01 -9.587005171346354437e-01 -1.429191338211609763e-01 1.092676945857493642e+00 5.639011219463795771e-02 1.568040569284677721e-01 2.489962271587803921e-01 -4.768430018789036884e-02 -9.145402104425834344e-02 -6.398088207991521614e-02 -5.339883703224090894e-02 -9.561572577490416724e-02 -3.654471557626830930e-02 -8.931691003792119332e-02 -1.705405272833816488e-01 2.155763413399189588e-01 -1.217980241997332069e-01 2.682124000161220309e-02 7.343009915154248557e-02 3.820418155212751410e-02 1.544117015561351919e-03 2.708921199379433348e-02 9.823754019898092715e-02 5.473599740999876562e-02 -2.023114030904105132e-03 -1.690167015187107880e-01 -1.835946478584221109e-01 -1.355612321023351996e-01 -4.070760309485783879e-02 -7.224854795159205700e-01 5.447849714927163745e-02 -1.994336761588559950e-02 -5.933402006938321566e-02 4.833459782115034908e-02 -8.410197372053658527e-02 -7.960217277011504000e-02 -3.352388489032816915e-02 -2.982940257710390772e-02 1.355877774678249104e-01 8.174308755729697840e-02 -3.889456967522868236e-02 1.016868366129349832e-01 3.420384565086919126e-01 6.065432072474443576e-02 -5.191058869745398402e-02 5.985100025664673584e-01
2.040668153609249469e+00 -2.202569116445100371e+04 1.053661508693336080e+00 2.474356998227015083e+03 9.836662372454124181e+01 1.451879706672611690e+02 4.190142113621352776e-03 5.671896259013306518e-03 -2.404015813561554294e-03 -3.933227518138485146e-02 2.212529012534139583e-01 2.929925393325332195e-01 -6.067193457947073904e-02 -2.305721784086094822e-03 -4.193935316001032310e-01 -6.196466984398030231e-02 -1.865078527148772702e-01 -4.812406313725821339e-02 -3.580829827424111215e-03 -1.387062581971063024e-03 -7.281452759971479734e-03 -1.539903735165273554e-02 3.116655954294961922e-03 4.644261884704813798e-02 1.712214318555100867e-01 4.592413141826928030e-02 2.004724952157020401e-01 6.173987584194506884e-02 -3.069001447908526695e-03 6.613194671002149694e-02 -2.677351861777593212e-01 2.266628739021246952e-01 -4.940954916394244348e-04 6.834987285427125414e-01 9.288933852535825875e-03 -7.255871008744998463e-01 2.550199277009364187e-03 -1.959195392081543030e-01 -2.504106584203694141e-01 2.832768036302948001e-04 2.388860238301499517e-01 3.589864333965191445e-01 2.289747602459314135e-01 -5.138911226258182502e-02 6.132363887598130808e-02 -4.499871920160152250e-01 -2.635286977068804562e-02 8.043782610398651778e-02 3.621420497045066411e-02 1.749463274085094611e-02 -4.149486195743405659e-02 2.188314448733953421e-01 -4.217975474137456438e-01 9.366831469116714270e-01 2.718030158065828927e-01 -6.490573456354985227e-02 -8.675404544051488198e-01 -2.865711307799183663e-02 -2.473828606713388001e-01 3.571404159027235636e-03 -6.167877995051306537e-03 -1.194442491567337672e-01 -7.115203066942948429e-04 1.227522432994469226e-01 -8.508237908977649318e-05 -1.867277768697066373e-03 -6.314594582505668463e-03 1.179003428051896907e-04 -3.710743112873148616e-03 7.533725621788769575e-03 -5.636116705497765068e-04 -7.350170618394106375e-03 8.200335816507518284e-04 3.741020130838270188e-03 1.202380798004735064e-03 2.811368961423788525e-03 4.353010160826890256e-04 -2.233888521695966654e-03 3.787965591941476484e-05 -6.230445317428938640e-04 2.480080239593615956e-05 -1.636152981498426463e-03 1.835543513403873695e-03 3.465084636576957599e-03 1.864393696220306013e-03 7.253438084318256443e-04 -2.649585824822599418e-03 5.118018658778492047e-03 3.996900452992097129e-04 1.982401556840664852e-02 -2.012159134000667676e-03 1.303896825931066513e-03 -3.967827343519672069e-03 -7.279780125312834346e-03 -1.853485596909688980e-03 2.843056483133691095e-03 -3.569121410956223664e-03 4.795269366042706786e-04 5.926908212582114935e-03 -4.579030661932340096e-03 2.989348352184681337e-03 -6.543941274794456021e-04 -3.358821908942381113e-02 -4.298290737535946995e-03 1.936719014979905278e-03 2.340050355549677663e-02
8.324660770752911887e-02 -8.167848077949295771e+01 -1.058536056034769385e-03 -2.437246317489331915e+01 2.540563254991292652e-01 4.190142113621352776e-03 2.854404969746088608e-02 -1.981260700789880431e-03 -4.068385374841542874e-06 -2.020119625168902144e-02 -1.286245680008348989e-03 -2.377631164301972910e-03 -1.204279190984988614e-03 -1.057780197458038479e-05 -1.478790522341574733e-03 -5.320288381249502294e-04 -6.062401320921357011e-04 -2.090776360368692543e-04 -1.220141171456699423e-04 -2.245205967140828478e-04 -4.294754995296856995e-04 -3.253922333128123523e-04 5.649599469203638123e-04 -6.855096920397793763e-05 1.056391538173249512e-03 -1.334527440073883406e-05 -7.664701088736170431e-04 1.522680152902853407e-04 -3.742914544852472185e-05 2.016000565401927964e-04 1.359324993959637332e-03 1.631692462120635720e-03 7.722250781559342257e-05 -1.421459607336362976e-03 4.605550417032756231e-05 -6.165425987363563724e-04 -8.198029584050617021e-05 3.650120278065457566e-04 6.542392061272992061e-03 2.656753523198117188e-04 -1.648547201904686319e-03 1.206033734855616480e-03 -6.577237762475547644e-04 -4.242874329998472661e-04 -1.235725957132874494e-03 -1.494486397624801306e-03 -1.065842080008910282e-04 1.026397715466749070e-03 2.961985644229535915e-04 -2.902990860052038092e-03 1.214445458065669357e-03 -5.979381447250268914e-04 -1.482858907716315400e-03 -7.113427585474904526e-04 2.030214230607031104e-03 -3.254070358518522724e-05 -1.808766169558404056e-03 1.087854383525769814e-03 -5.654189824410571497e-04 2.891220673561101110e-04 3.838882524123704999e-04 2.428110219396764028e-03 -5.376830395923148004e-05 -3.047352235204574267e-03 1.464055276706943757e-05 -5.272803617963052697e-05 -3.490388296701957602e-05 -8.986037686647585209e-06 -2.108449609481936537e-05 -5.287403223308829146e-05 -2.114062630934134847e-05 -4.799760436566394745e-05 4.557333314841717042e-05 -2.596277819983897010e-05 3.422864125592120488e-05 -2.599273347950022481e-05 -1.630164254147929779e-05 -3.170345064410131774e-05 -8.136770749677644621e-07 -1.057031315467113163e-05 -2.111067102969063424e-05 -1.056282433475417048e-05 -3.480467407058952816e-05 2.766124020409365400e-05 -2.274551399952824259e-05 -3.811365834739027428e-05 -6.827398609816036357e-05 4.232425943088478459e-05 1.867898286226811144e-05 -4.530515224816145559e-04 -2.520901168418563065e-05 -8.950447824648634690e-06 -2.521650050409155158e-05 1.268454683542473893e-04 -1.949644028202315833e-05 4.047773152673363704e-06 1.429355697005098703e-04 -1.056282433475409086e-05 -3.248531820184365660e-05 -5.599394177451962707e-05 -1.463120970960051603e-05 -1.625856385952788188e-05 7.717512270285450428e-04 1.295514229537712666e-05 -1.623609739979395771e-05 -1.687967333301605135e-05
1.783826746022345866e-01 -5.141760164917457132e+01 -5.922673214794922994e-03 -2.376077276086379442e+01 1.105883615092021932e+00 5.671896259013306518e-03 -1.981260700789880431e-03 6.030676938148436805e-02 -1.028205870627994027e-05 -4.468532159008862387e-02 -2.439188345147598122e-03 -5.088675386194099239e-03 -2.584134631416295201e-03 -2.673335263631564879e-05 -3.491173316507164420e-03 -8.605516507944541149e-04 -1.104950241705964648e-03 -2.133379613514437305e-04 -1.988389998980031096e-04 -3.265208803182148740e-04 -3.916935086153233389e-04 -2.438964889049836742e-04 6.416246491589712962e-04 -4.076126609757671070e-05 3.440110678141858769e-03 -8.064468791615394096e-05 -4.865486499671752355e-03 6.653883595002954218e-03 4.190053848948285104e-05 -3.964868196416502177e-04 -2.054350455879991235e-03 3.188081747002901971e-03 -4.924645927902992354e-05 -4.410452125366265256e-04 -7.128834805581181857e-05 -3.571958039213790712e-03 8.092580744832594949e-05 8.645305046334374318e-04 1.708537075058275340e-03 -1.705747520130639457e-05 -3.735781855284388969e-03 -1.934379105691450560e-03 -1.020414654056683249e-03 -1.197309993597845193e-03 -3.429289533732697223e-03 -2.383984526142452810e-04 -2.679397076346187864e-04 1.276932685901780232e-02 8.205415227643751697e-03 -7.041421486319101274e-03 -6.770978033112278523e-04 3.772662809356806053e-04 -3.501455375212385139e-03 -1.996675890371368486e-03 5.667930473918202918e-04 -5.138164614911169695e-04 -2.877809921534332620e-03 3.122714684016545620e-03 1.698794541987163264e-03 5.611435242047423892e-04 -8.198112397513493497e-04 2.914190390232300563e-03 -1.900751823685836934e-04 -2.465447492317494015e-03 -4.065249897019406400e-05 -8.502793476339373516e-05 -8.044311025331839931e-05 -1.060893613466107349e-04 -5.635451214110660551e-05 -2.839469330119954440e-05 -1.644237468586247169e-05 -2.547639387284059078e-05 -1.909231362685759738e-05 5.106873792015880831e-05 2.109710355998913446e-05 -2.297992325343901671e-05 -2.077522760745539502e-05 6.209634255821219360e-05 -2.056411741257587422e-06 8.840747480479146402e-06 -1.064145280588427476e-05 -2.383289169635122948e-05 -1.378077939862586750e-04 -1.571985165930601196e-05 -5.032837640522771615e-05 -7.996737439838144006e-05 -5.586467262517308771e-05 -8.614552886634514977e-05 -2.047492497078935508e-06 -6.096281653869230948e-04 7.399436254684220774e-06 1.150334049301808148e-05 -2.817466386210112323e-05 -4.422341706112188457e-05 -1.739903081256451967e-05 -3.616244289967846350e-05 1.216303722941126722e-05 -2.383289169635061284e-05 -1.468723057331090083e-04 -7.876393110000955752e-05 -3.411495040260814062e-05 -4.103904238338060295e-06 2.177885039549006495e-03 -3.021323711500370821e-05 2.467871716415301114e-07 -3.326714414051779121e-04
-2.841006373275052881e-03 -6.970567438394951187e-01 -2.180531973039542425e-06 -2.588571871771858796e-02 -9.065167098127362849e-03 -2.404015813561554294e-03 -4.068385374841542874e-06 -1.028205870627994027e-05 1.705810395206293893e-04 -1.223427074678629946e-04 -3.463107701368942370e-06 -1.258058151692252111e-05 -6.443525612503337853e-06 -9.960265512791922122e-08 -1.130107048566148919e-05 6.216431558815141965e-05 2.634720080411570966e-05 -2.765889115475567144e-06 -1.072643978299990885e-06 -2.221905383621911074e-06 -4.183311515374295163e-06 -3.340519818134824914e-06 -5.616057400671130412e-06 -7.041141543268447448e-06 -2.175934927410343373e-05 -7.508507848105860346e-07 -2.690191097577069790e-05 -5.248293750967318182e-06 -3.524401642988135939e-07 -1.072643978299989191e-06 -6.184558709172203573e-06 -2.765122941204429307e-05 -8.427916972356996825e-08 -2.326258319224638904e-05 -2.627977746836281168e-06 6.654376771671263334e-05 -6.604422209251208182e-06 -6.313275986565100679e-06 -2.251020005891013527e-05 -5.363219891503992921e-08 -2.185129018651756433e-05 -1.438875279463716514e-05 -6.183026360630254177e-06 -8.879959791788756277e-06 -1.209022998398708297e-05 -2.157546744922904313e-05 -9.883648085772770557e-07 -1.582916042263795282e-05 -3.064697080859242989e-06 -1.836519725704072328e-05 -4.520428194264494031e-06 -8.979562446917617796e-06 1.592799690349491976e-04 -5.036063478118626605e-05 -5.128770564815381312e-05 -6.535466524928900005e-06 1.021249008254442004e-04 -2.234164171945299569e-05 2.840054784832793744e-05 -1.884788704729103980e-06 -5.240632008265307999e-06 1.536792351195189575e-05 -1.731553850684455727e-06 -6.510948948290228952e-06 -9.194091242578950072e-08 -6.052776734697728969e-07 -3.754253924052924879e-07 -3.754253924052935467e-07 -4.903515329372194490e-07 -4.673663048308585572e-07 -1.685583394471370513e-07 -6.512481296825711252e-07 -4.290575913203094811e-07 -9.194091242578582142e-08 -6.589098723845032752e-07 -1.532348540428528875e-07 -4.290575913203012754e-07 -2.375140237664850068e-07 -7.661742702143732945e-09 -8.427916972359488955e-08 -1.072643978300766026e-07 -6.895568431928980140e-08 -3.907488778095111655e-07 -1.838818248515771221e-07 -1.379113686385526036e-07 -3.141314507879456098e-07 -4.903515329372187079e-07 -2.298522810643745563e-07 -1.149261405321870664e-07 -4.145002801861966577e-06 -2.068670529580289905e-07 -8.427916972356763891e-08 -2.221905383622666998e-07 -9.500560950659350509e-07 -3.371166788943611352e-07 -2.221905383622665410e-07 -7.355272994063271230e-07 -6.895568431927331073e-08 -3.984106205116556561e-07 -2.221905383622665939e-07 -1.072643978300770394e-07 -1.225878832343048623e-07 1.870997567864398018e-05 -4.443810767245330820e-07 -7.661742702144592551e-08 -3.011064881945143756e-06
-1.134313373573516470e+00 2.055477035326521218e+03 -3.406613822391086396e-03 -6.717446205546809779e+01 -3.363280612009795334e+00 -3.933227518138485146e-02 -2.020119625168902144e-02 -4.468532159008862387e-02 -1.223427074678629946e-04 2.099874304249835788e-01 -2.329679634624885753e-02 -5.405459561766583904e-02 -2.750587761965053030e-02 -3.180910394164073677e-04 -3.980320925273074517e-02 1.168536625959572554e-03 2.628926961402548463e-03 8.157638052575376820e-04 5.272344884729813705e-04 9.623224972192096459e-04 -1.104960446328117360e-03 6.206058926894103328e-04 -3.308900049925000367e-04 1.191185591982772685e-03 -3.280156245116196655e-03 -2.804910655486451444e-03 1.151927088469078056e-02 -7.614958474773106910e-03 1.370302682279766755e-04 -3.751159641057835725e-03 -6.838415481482914334e-04 -1.091942513459447312e-03 -7.240162170246830839e-06 -1.404678795791020583e-02 1.858157615231489110e-04 1.760798181726748804e-02 1.090417264771678749e-03 -3.738244210024860726e-03 5.514245539313626827e-03 -1.928618285347101957e-04 1.021305027746276586e-02 -2.370326901787153488e-03 -7.735907639739755294e-03 9.463962283239967313e-03 1.526890282390525738e-02 1.220005299661650403e-02 1.258079163335734533e-03 -1.540404269759735635e-02 -8.081407411144669178e-03 1.237898228318538504e-02 2.883471020747464374e-03 4.529352051182341729e-03 -3.992555196019614144e-02 -1.239301637089772028e-02 4.228706285923002767e-03 2.110634215812246667e-03 7.433319445422621394e-03 5.228861036438514978e-04 -1.902529679901138020e-03 -9.053269609538343267e-04 -3.032202027147267733e-04 -1.017030326841903949e-03 7.894564694721553904e-04 1.436121021038602990e-03 8.874331830154529163e-05 -1.632197569151063409e-04 -1.201088238054162270e-04 1.569560461751192629e-04 5.330638668227313662e-05 2.728199840140926391e-04 1.351292735652702632e-04 3.750556312143410020e-04 3.877291929226462698e-05 -3.170870366382488940e-05 4.786626885425942433e-05 -3.875727435338052399e-05 4.077045230491614354e-04 1.788631507851587172e-04 9.655328153232943026e-06 -5.186890698124694789e-05 7.393010496123099623e-05 -2.451386207371445027e-05 1.354298525736068607e-05 -1.512102282979086376e-04 2.023811949475047122e-04 -8.797658998148564862e-05 3.679967513645763426e-04 5.372209437302772846e-05 6.754197649256776413e-05 2.891459944255518263e-03 1.151581750378458010e-04 3.837000745235108728e-06 1.560508694239503939e-04 5.151033912148458285e-04 1.874320198667224881e-04 -1.106685375536417752e-05 1.094032998394658333e-04 4.373387721993112414e-05 -3.335115519281560501e-04 -2.540078540891791510e-04 -1.127326998947380491e-04 8.949565352170308185e-06 -5.621919870868338776e-03 1.791078853154629122e-04 5.689083042790661447e-05 1.914881804278185668e-04
1.743307532470491084e-01 -4.425423921425772278e+02 4.624626339799501641e-03 8.390601701618751918e+01 6.722644781847121331e-01 2.212529012534139583e-01 -1.286245680008348989e-03 -2.439188345147598122e-03 -3.463107701368942370e-06 -2.329679634624885753e-02 3.289996995521382583e-02 -2.905464574773435407e-03 -1.465209772619995195e-03 -9.004080023559212807e-06 -1.494598048685625387e-03 -1.920773623437459069e-04 -3.737708101027951697e-04 -9.916580512168697461e-05 -4.246873206511393294e-05 -1.369871137560947757e-04 -1.276790722761684844e-04 -6.086555219604522423e-05 -1.682874495827712223e-05 -3.166491416905631556e-04 8.268975768648787221e-04 3.361145924229915643e-04 -6.862388052976051145e-04 -6.091758714591140669e-04 -3.186059085259845228e-05 1.297368441399931495e-03 2.333869914319035928e-04 -4.579812371379410568e-04 -3.511774838380837767e-05 4.403928622964039391e-03 -1.863203351932080066e-04 -3.579092954127537692e-03 -1.819274523650843780e-04 3.651110424367039393e-05 -2.308655076617742267e-03 -7.598241925995968323e-06 -9.422511444183051836e-04 6.374159281426637971e-03 8.557594380674552392e-04 -9.886157870572201585e-04 -1.296696079920055993e-03 -1.458686432033307404e-03 -9.209806983941712518e-05 -1.039564629157724816e-03 -6.151591295303169161e-04 4.852086135207298728e-03 -1.021246797281812578e-03 -8.133723105310829756e-04 -1.498061156387084890e-03 5.343665155986518020e-03 -1.630869718142898949e-03 -4.113115155779821421e-04 -1.474528171608682032e-03 -9.372166794958892901e-04 -8.897390711607654993e-04 -1.983833496565466105e-04 2.626017562488359080e-04 -1.933148495003262106e-03 -1.229081377635193385e-04 1.991838226174706683e-03 -2.481080534777064384e-05 1.965605650964822102e-05 -4.931262642005111675e-05 -3.943823776157613794e-05 1.654156822831443982e-04 2.049804304877578601e-05 -2.073745617418643928e-05 -4.674809042913867160e-05 -4.753601899593779825e-05 -1.686500277265788688e-06 3.243222851005987716e-05 7.201983127050883774e-05 -4.703647968758017933e-05 1.653037322006194098e-06 -6.926215402737849164e-07 5.787901120656226844e-05 -2.619604842831460277e-05 2.239049349618253506e-05 3.079978620508868362e-05 1.587623745402007495e-05 -2.621664344533537825e-05 7.976738331304672277e-06 -3.770282037149581876e-05 -1.302851208435957911e-05 -1.588910539227469715e-05 -2.838357482323695317e-04 -2.420056387556297403e-05 -7.618836943013422591e-06 -2.283591581202163359e-05 -1.523819977602216289e-04 -2.660028071012150497e-05 3.716215004938034500e-05 -9.674047045120712359e-05 -1.173337615063066374e-05 1.616024002722031344e-04 1.637832399781763827e-04 8.717512508842074610e-05 1.754214271425200573e-05 -4.860566949348081676e-04 -1.979763540947183462e-05 1.344819852367056304e-05 6.015230843714863265e-04
4.714117595406502881e-01 -1.102409263738031541e+03 1.268646467524972392e-02 4.896865766305993617e+01 1.888481327360300721e+00 2.929925393325332195e-01 -2.377631164301972910e-03 -5.088675386194099239e-03 -1.258058151692252111e-05 -5.405459561766583904e-02 -2.905464574773435407e-03 7.183639443978223627e-02 -3.117086936035046163e-03 -3.270951194399807310e-05 -4.247650667370140437e-03 -1.591230980109627907e-04 -1.016062661369590905e-03 -4.621275353360589588e-04 -6.073387192799601422e-05 -2.614744488508713850e-04 1.389695601266320839e-03 -1.481542169935939695e-04 -4.148790945601671474e-04 6.026797808153646838e-06 -6.822408905327457173e-04 2.949163626343119494e-04 2.115064790147098625e-03 -6.085097328041871477e-04 -1.157413499556844553e-04 2.473923728795048450e-03 -2.350580380307139630e-03 -1.325951313025709646e-03 9.385627405380575893e-06 1.439845041286258800e-02 -4.232522858299363720e-06 -1.209362583277743403e-02 -9.910464629514117822e-04 7.020091351628976592e-06 -7.353109189208369492e-03 -2.073129737879526277e-05 6.484894119405499972e-03 1.881106986034120684e-03 1.104961568932734568e-02 -2.756171020269156113e-03 -3.573889463931559200e-03 -2.303778701018709477e-03 -3.276974863917680655e-04 9.976255558922289806e-04 -1.378622705666950792e-03 3.022107404330424182e-03 -1.442217524153608299e-03 -1.890111808270258622e-05 -4.260231248886478007e-03 1.463859660590066496e-02 -3.537599707825803824e-03 -6.825776337067779916e-04 -6.948406002282569820e-03 -3.291958616587102333e-03 -1.780546454955673976e-04 5.673747731558691264e-05 -2.886503585985482042e-04 -4.341037480228502644e-03 -3.736134087682386204e-04 4.946563770277938830e-03 -1.478042552441301901e-05 6.744246421900840346e-05 -8.803049223603644571e-06 7.521655250486090612e-05 4.023439889056574826e-05 -9.147232172305431953e-05 -2.746765553784611942e-05 -1.364461428880717100e-04 4.477091304212659829e-05 6.869511101997609543e-06 -1.395005976693921429e-04 1.015861226357792573e-04 -1.502579627548437512e-04 -9.047353842533346533e-05 -2.516116303384302121e-06 3.328107054486486513e-06 -5.393652777799897758e-05 7.348959569978682159e-05 -7.957207638796593606e-06 1.720638835769714586e-04 -2.675864008961698130e-05 2.314820692005705978e-04 -5.572079738036726207e-05 6.065309716711341599e-05 -4.397871106097312767e-05 -6.326820630052009623e-04 -4.004823705476996529e-05 6.446590309588946806e-06 -7.838116759619161484e-06 -3.283086225324588795e-04 -8.516954567775150329e-06 -1.719356652492942227e-05 -1.052311326969449537e-04 5.241856406154362643e-06 3.342427480997309285e-04 -1.012131682533884706e-04 6.090901418286116646e-05 -1.237095771754080306e-05 9.796918521720796285e-04 -5.915555293136314288e-05 -6.629709662539455726e-06 -9.441100055938219944e-05
2.970428265517532918e-02 -3.050995716657234311e+02 -1.943101049554298845e-03 -2.058223880090178781e+01 -8.560495486396327292e-02 -6.067193457947073904e-02 -1.204279190984988614e-03 -2.584134631416295201e-03 -6.443525612503337853e-06 -2.750587761965053030e-02 -1.465209772619995195e-03 -3.117086936035046163e-03 3.806839736746320257e-02 -1.675316659251716603e-05 -2.168612524554342988e-03 -7.009271655530101633e-04 -9.143696249731957538e-04 -1.738019864971105744e-04 -1.540789309005967714e-04 -2.931483100972792004e-04 -4.137692508392069651e-04 -3.944958158363198568e-04 -7.538461167682351284e-06 -2.803090561247350838e-04 1.402287555615132570e-03 2.243739622184219313e-03 -4.489178060713086386e-03 3.055119908578362957e-03 -2.515656598822319881e-05 2.269240644923068784e-04 9.187020778201157763e-04 1.206632043348503623e-03 -2.974392314202910345e-05 -7.448152665976239852e-04 -1.255299902542010302e-05 -1.832829207111992011e-04 1.606819695096841521e-04 -3.969189033819198447e-04 2.888643138089630642e-03 -1.057775253696200788e-05 -3.189989998325519320e-03 6.314052666873319706e-04 -7.272734268247784978e-04 -1.413411353453700387e-03 -1.971260367063366100e-03 -1.971246272548169537e-04 -1.677997774820222008e-04 7.759084314498907245e-03 2.643017699628679752e-03 -4.088332740476703468e-03 6.093328627012634807e-04 -5.906571880217910278e-04 -2.175056050167802069e-03 -8.371888993541541863e-04 1.320836005174892778e-03 -5.038437133052612324e-04 -8.986824785885507740e-04 8.414961226796434162e-04 7.738296339384245618e-05 7.210026149246721015e-05 5.860218373891589285e-04 1.116500092548590841e-03 -1.936722960841958828e-04 -1.580949895346643510e-03 -2.480536154673297888e-05 -5.392467951794751972e-05 2.159455755885866064e-04 -3.213631471461520672e-05 -1.182839114674602695e-04 -8.172464583147753608e-05 -3.146514605391197725e-05 -1.219944688482361116e-04 -1.338674494427429687e-05 3.091241382275337928e-06 -4.038776158557446250e-06 -3.511500252672486043e-05 -7.683793689842807078e-05 -4.617712551534759513e-05 -1.288705122500751893e-06 1.839129661984156377e-05 4.086496750191359346e-05 -1.471197946141143509e-05 2.846034406949612895e-04 -1.704367012610115461e-05 -3.098077560227106592e-05 -5.607664068259894316e-05 -2.979755534093439778e-05 -3.878725097617221755e-05 -2.244421019642046071e-05 -6.740894156836435428e-04 -3.784802019626867883e-06 1.994811329930130966e-05 -3.892926523198483917e-05 -1.337118435428310257e-04 -7.382800886400059652e-05 -9.475845623524055880e-06 -4.345196646789123245e-06 1.941189018538861267e-05 -9.036491656185490070e-05 1.021105660925384289e-04 1.296836457289474464e-05 1.039095432790134823e-05 1.348084711714188496e-03 -4.840511085550957437e-05 -2.067113462226543533e-05 -1.271846807962405293e-04
5.832970530662126910e-03 -1.293563025024270630e+01 1.155390799483000803e-06 1.657631610217321916e-01 -2.356943445512188831e-02 -2.305721784086094822e-03 -1.057780197458038479e-05 -2.673335263631564879e-05 -9.960265512791922122e-08 -3.180910394164073677e-04 -9.004080023559212807e-06 -3.270951194399807310e-05 -1.675316659251716603e-05 4.433513385055925658e-04 -2.938278326271560284e-05 -1.581690163430707054e-05 -2.021933899097141284e-05 -7.191311700237548442e-06 -2.788874343580910325e-06 -5.776953997417373590e-06 2.324725970685295658e-05 -8.685351527147772437e-06 1.952212040506245687e-05 -1.830696801250464764e-05 -5.657430811266971375e-05 -1.952212040505646242e-06 1.143239275557664166e-04 -1.364556375252105578e-05 -9.163444271764231226e-07 -2.788874343580912443e-06 -2.430304785117025798e-06 -7.189319647128983705e-05 -2.191258412815100817e-07 1.237861797930294198e-04 2.729112750504818308e-05 -7.950283932302000620e-05 -1.717149774405698511e-05 1.770935208173093981e-05 4.384508878725329060e-05 -1.394437171790252775e-07 -2.268948483813446271e-05 -3.741075726604924052e-05 1.545434796964996861e-04 1.103597418818025099e-05 2.689271688463772589e-06 -2.197234572121198592e-05 -2.569748502300451597e-06 -4.115581709885650689e-05 -7.968212410228355127e-06 -4.774951286829143488e-05 -1.175311330509658849e-05 1.077700728482316786e-05 -2.948238591784675135e-05 5.557828156108956845e-06 -1.333480346852682053e-04 -1.699221296482217140e-05 4.713197640651574621e-05 1.015947082305907846e-05 8.749097226434240449e-05 -4.900450632293531208e-06 2.049822642531517602e-05 -1.464159030379388735e-05 -4.502040011779067691e-06 3.545854522573635484e-06 -2.390463723069203053e-07 -1.573721951021113960e-06 -9.761060202528226973e-07 -9.761060202528226973e-07 -1.274913985636298855e-06 -1.215152392561050186e-06 -4.382516825630468978e-07 -1.693245137173756408e-06 -1.115549737432702816e-06 -2.390463723068958472e-07 -1.713165668200577338e-06 -3.984106205116259570e-07 -1.115549737432694769e-06 -6.175364617932097570e-07 -1.992053102556850964e-08 -2.191258412815075141e-07 -2.788874343581830627e-07 -1.792847792302373452e-07 -1.015947082304258673e-06 -4.780927446138232465e-07 -3.585695584604743728e-07 -8.167417720488916572e-07 -1.274913985636157400e-06 -5.976159307676068598e-07 -2.988079653836710281e-07 -1.077700728484091151e-05 -5.378543376906797954e-07 -2.191258412815157197e-07 -5.776953997418882368e-07 3.165372379967841272e-05 -8.765033651262432969e-07 -5.776953997418823075e-07 -1.912370978455119768e-06 -1.792847792302373452e-07 -1.035867613329976978e-06 -5.776953997418733078e-07 -2.788874343581572811e-07 -3.187284964090570319e-07 1.452206711764538266e-05 -1.155390799483818613e-06 -1.992053102557752326e-07 -7.828768693056988536e-06
